1.0000000000000000000000000000000000000000000000000000000000000000000000
1.0000000000000000000000000000000000000000000000000000000000000000000000
1.0000000000000000000000000000000000000000000000000000000000000000000000
1.0000000000000000000000000000000000000000000000000000000000000000000000
1.0000000000000000000000000000000000000000000000000000000000000000000000
1.0000000000000000000000000000000000000000000000000000000000000000000000
1.0000000000000000000000000000000000000000000000000000000000000000000000
1.0000000000000000000000000000000000000000000000000000000000000000000000
1.0000000000000000000000000000000000000000000000000000000000000000000000
1.0000000000000000000000000000000000000000000000000000000000000000000000
1.0000000000000000000000000000000000000000000000000000000000000000000000
1.0000000000000000000000000000000000000000000000000000000000000000000000
1.0000000000000000000000000000000000000000000000000000000000000000000000
1.0000000000000000000000000000000000000000000000000000000000000000000000
1.0000000000000000000000000000000000000000000000000000000000000000000000
0.0000012259964326927117704162150182978230361641180934384465217590332031
1.0000000000000000000000000000000000000000000000000000000000000000000000
0.0000000000000000000000000000000000000000000000000000000000000000000000
1.0000000000000000000000000000000000000000000000000000000000000000000000
1.0000000000000000000000000000000000000000000000000000000000000000000000
0.0000142724769270596040014829203323998285668494645506143569946289062500
0.0002596148429267415070655078412897864836850203573703765869140625000000
1.0000000000000000000000000000000000000000000000000000000000000000000000
1.0000000000000000000000000000000000000000000000000000000000000000000000
1.0000000000000000000000000000000000000000000000000000000000000000000000
0.0000000000000000000000000000000000772103322247737611506666803290331711
1.0000000000000000000000000000000000000000000000000000000000000000000000
1.0000000000000000000000000000000000000000000000000000000000000000000000
1.0000000000000000000000000000000000000000000000000000000000000000000000
