1.000000000000000000000000000000
1.000000000000000000000000000000
1.000000000000000000000000000000
1.000000000000000000000000000000
1.000000000000000000000000000000
1.000000000000000000000000000000
1.000000000000000000000000000000
1.000000000000000000000000000000
0.000405648192073033574296669901
0.000633825300114114953062283142
1.000000000000000000000000000000
1.000000000000000000000000000000
0.035184372088832002734015702572
1.000000000000000000000000000000
1.000000000000000000000000000000
0.000000105312291668557236004684
1.000000000000000000000000000000
1.000000000000000000000000000000
0.011529215046068470862383747999
0.512000000000000010658141036402
1.000000000000000000000000000000
1.000000000000000000000000000000
1.000000000000000000000000000000
1.000000000000000000000000000000
1.000000000000000000000000000000
1.000000000000000000000000000000
1.000000000000000000000000000000
1.000000000000000000000000000000
1.000000000000000000000000000000
