1.000000000000000000000000000000
1.000000000000000000000000000000
1.000000000000000000000000000000
1.000000000000000000000000000000
1.000000000000000000000000000000
1.000000000000000000000000000000
1.000000000000000000000000000000
1.000000000000000000000000000000
0.000000000021872507247830139751
1.000000000000000000000000000000
1.000000000000000000000000000000
1.000000000000000000000000000000
1.000000000000000000000000000000
1.000000000000000000000000000000
1.000000000000000000000000000000
0.000000027606985387162268353674
1.000000000000000000000000000000
1.000000000000000000000000000000
1.000000000000000000000000000000
1.000000000000000000000000000000
1.000000000000000000000000000000
1.000000000000000000000000000000
1.000000000000000000000000000000
1.000000000000000000000000000000
1.000000000000000000000000000000
1.000000000000000000000000000000
1.000000000000000000000000000000
1.000000000000000000000000000000
1.000000000000000000000000000000
1.000000000000000000000000000000
1.000000000000000000000000000000
