12.5138332339064408671447381493635475635528564453125000000000000000000000
12.5138332339064834997088837553746998310089111328125000000000000000000000
12.5138332339064231035763441468589007854461669921875000000000000000000000
12.5138332339064657361404897528700530529022216796875000000000000000000000
12.5138332339064781706383655546233057975769042968750000000000000000000000
12.5138332339064657361404897528700530529022216796875000000000000000000000
12.5138332339064053400079501443542540073394775390625000000000000000000000
12.5138332339064426435015775496140122413635253906250000000000000000000000
12.5138332339064692888541685533709824085235595703125000000000000000000000
12.5138332339064284326468623476102948188781738281250000000000000000000000
6.2434379527168051282615124364383518695831298828125000000000000000000000
6.2434379527168077927967715368140488862991333007812500000000000000000000
12.5138332339064426435015775496140122413635253906250000000000000000000000
12.5138332339064373144310593488626182079315185546875000000000000000000000
12.5138332339064515252857745508663356304168701171875000000000000000000000
6.2703952811896241925637696112971752882003784179687500000000000000000000
6.1895232957711208143791736802086234092712402343750000000000000000000000
6.2434379527167944701204760349355638027191162109375000000000000000000000
12.5138332339064533016426139511168003082275390625000000000000000000000000
12.5138332339064692888541685533709824085235595703125000000000000000000000
0.0808719854185309672267578662285814061760902404785156250000000000000000
0.0808719854185307174265773255683598108589649200439453125000000000000000
0.0808719854185394604328962486761156469583511352539062500000000000000000
0.0539146569456875335291101691836956888437271118164062500000000000000000
0.0269573284728432671641940032714046537876129150390625000000000000000000
0.0269573284728436279866770064472802914679050445556640625000000000000000
0.0269573284728412687627496779896318912506103515625000000000000000000000
0.0269573284728424900080767656618263572454452514648437500000000000000000
-0.0000000000000001110223024625156540423631668090820312500000000000000000
