12.828438430077923726457811426371
12.828438430077872212109468819108
12.828438430077810039620089810342
12.828438430077854448541074816603
12.828438430077866883038950618356
12.828438430077854448541074816603
12.828438430077886422964184021112
12.828438430077833132259002013598
12.828438430077802934192732209340
12.828438430077817145047447411343
4.933590284800767555850598000688
4.933590284800756897709561599186
12.828438430077808263263250410091
12.828438430077804710549571609590
12.828438430077818921404286811594
7.894848145277094886296254117042
-0.988925436151838588294538112677
4.933590284800780878526893502567
12.828438430077818921404286811594
12.828438430077808263263250410091
8.883773581428915377955490839668
8.883773581428915377955490839668
8.883773581428878074461863434408
5.922515720952607587435068126069
2.961257860476303793717534063035
2.961257860476304681895953763160
2.961257860476302017360694662784
2.961257860476302017360694662784
-0.000000000000000111022302462516
