12.7689661990147520498339872574433684349060058593750000000000000000000000
12.7689661990147929060412934632040560245513916015625000000000000000000000
12.7689661990148266568212420679628849029541015625000000000000000000000000
12.7689661990147307335519144544377923011779785156250000000000000000000000
12.7689661990148106696096874657087028026580810546875000000000000000000000
12.7689661990147769188297388609498739242553710937500000000000000000000000
12.7689661990147165226971992524340748786926269531250000000000000000000000
12.7689661990147538261908266576938331127166748046875000000000000000000000
12.7689661990148213277507238672114908695220947265625000000000000000000000
12.7689661990147644843318630591966211795806884765625000000000000000000000
6.5174678694786791766091482713818550109863281250000000000000000000000000
6.5174678694786809529659876716323196887969970703125000000000000000000000
12.7689661990147769188297388609498739242553710937500000000000000000000000
12.7689661990147929060412934632040560245513916015625000000000000000000000
12.7689661990147644843318630591966211795806884765625000000000000000000000
6.2514983295361030712911087903194129467010498046875000000000000000000000
7.0494069493638642498467561381403356790542602539062500000000000000000000
6.5174678694786623012191739690024405717849731445312500000000000000000000
12.7689661990147644843318630591966211795806884765625000000000000000000000
12.7689661990148248804644026677124202251434326171875000000000000000000000
-0.7979086198277751673657576247933320701122283935546875000000000000000000
-0.7979086198277721697635911368706729263067245483398437500000000000000000
-0.7979086198277762775887822499498724937438964843750000000000000000000000
-0.5319390798851824087023487663827836513519287109375000000000000000000000
-0.2659695399425915374180817707383539527654647827148437500000000000000000
-0.2659695399425909823065694581600837409496307373046875000000000000000000
-0.2659695399425914263957793082226999104022979736328125000000000000000000
-0.2659695399425915374180817707383539527654647827148437500000000000000000
0.0000000000000069944050551384862046688795089721679687500000000000000000
