12.844288335659403088584440411068
12.844288335659351574236097803805
12.844288335659385325016046408564
12.844288335659426181223352614325
12.844288335659346245165579603054
12.844288335659427957580192014575
12.844288335659367561447652406059
12.844288335659404864941279811319
12.844288335659385325016046408564
12.844288335659369337804491806310
6.577198139998085224533497239463
6.577198139998075454570880538085
12.844288335659358679663455404807
12.844288335659353350592937204055
12.844288335659344468808740202803
6.267090195661303653196227969602
7.197414028671667018954849481815
6.577198139998044368326191033702
12.844288335659348021522419003304
12.844288335659381772302367608063
-0.930323833010390122133514978486
-0.930323833010386791464441103017
-0.930323833010391121334237141127
-0.620215888673592230517783718824
-0.310107944336795449125077084318
-0.310107944336796337303496784443
-0.310107944336795782191984471865
-0.310107944336798113660336184694
-0.000000000000000111022302462516
