12.861072721976967159207561053336
12.861072721976917421216057846323
12.861072721976947619282327650581
12.861072721976901434004503244068
12.861072721977004462701188458595
12.861072721976899657647663843818
12.861072721976931632070773048326
12.861072721976876565008751640562
12.861072721976931632070773048326
12.861072721976901434004503244068
6.585474394321443547539729479467
6.585474394321432889398693077965
12.861072721976929855713933648076
12.861072721976928079357094247825
12.861072721976920973929736646824
6.275598327655494301779981469736
7.205226527653340262702386098681
6.585474394321463975643382582348
12.861072721976915644859218446072
12.861072721977039989837976463605
-0.929628199997844850699380003789
-0.929628199997849735680688354478
-0.929628199997845960922404628946
-0.619752133331898713564100944495
-0.309876066665949578826655397279
-0.309876066665950022915865247342
-0.309876066665948579625933234638
-0.309876066665949800871260322310
-0.000000000000000111022302462516
