12.183993026181862973089664592408
12.183993026181902052940131397918
12.183993026181930474649561801925
12.183993026181841656807591789402
12.183993026181919816508525400423
12.183993026181886065728576795664
12.183993026181829222309715987649
12.183993026181864749446503992658
12.183993026181870078517022193410
12.183993026181894947512773796916
-0.000000000000000777156117237610
0.000000000000010547118733938987
12.183993026181886065728576795664
12.183993026181880736658058594912
12.183993026181873631230700993910
12.183993026181878960301219194662
-24.367986052363768578743474790826
0.000000000000000000000000000000
12.183993026181894947512773796916
12.183993026181886065728576795664
36.551979078545691947965678991750
36.551979078545684842538321390748
36.551979078545684842538321390748
24.367986052363768578743474790826
12.183993026181878960301219194662
12.183993026181893171155934396666
12.183993026181857644019146391656
12.183993026181862973089664592408
0.000000000000006994405055138486
