12.1839930261818629730896645924076437950134277343750000000000000000000000
12.1839930261819020529401313979178667068481445312500000000000000000000000
12.1839930261818434331644311896525323390960693359375000000000000000000000
12.1839930261818860657285767956636846065521240234375000000000000000000000
12.1839930261818967238696131971664726734161376953125000000000000000000000
12.1839930261818860657285767956636846065521240234375000000000000000000000
12.1839930261818292223097159876488149166107177734375000000000000000000000
12.1839930261819517909316346049308776855468750000000000000000000000000000
12.1839930261818700785170221934095025062561035156250000000000000000000000
12.1839930261818754075875403941608965396881103515625000000000000000000000
0.0000000000000062172489379008766263723373413085937500000000000000000000
-0.0000000000000037747582837255322374403476715087890625000000000000000000
12.1839930261818860657285767956636846065521240234375000000000000000000000
12.1839930261818807366580585949122905731201171875000000000000000000000000
12.1839930261818931711559343966655433177947998046875000000000000000000000
12.1839930261818789603012191946618258953094482421875000000000000000000000
-24.3679860523637685787434747908264398574829101562500000000000000000000000
0.0000000000000000000000000000000000000000000000000000000000000000000000
12.1839930261818736312307009939104318618774414062500000000000000000000000
12.1839930261819304746495618019253015518188476562500000000000000000000000
36.5519790785456919479656789917498826980590820312500000000000000000000000
36.5519790785456848425383213907480239868164062500000000000000000000000000
36.5519790785455498394185269717127084732055664062500000000000000000000000
24.3679860523637437097477231873199343681335449218750000000000000000000000
12.1839930261818789603012191946618258953094482421875000000000000000000000
12.1839930261818931711559343966655433177947998046875000000000000000000000
12.1839930261818789603012191946618258953094482421875000000000000000000000
12.1839930261818629730896645924076437950134277343750000000000000000000000
-0.0000000000000001110223024625156540423631668090820312500000000000000000
