0.0057572743219004296477692150801885873079299926757812500000000000000000
0.0057572743219209687737247804761864244937896728515625000000000000000000
0.0057572743219115318780154666455928236246109008789062500000000000000000
0.0057572743219181932161632175848353654146194458007812500000000000000000
0.0057572743219199695730026178353000432252883911132812500000000000000000
0.0057572743219040933837504780967719852924346923828125000000000000000000
0.0057572743219159727701139672717545181512832641601562500000000000000000
0.0057572743219217459298420180857647210359573364257812500000000000000000
0.0057572743219191924168853802257217466831207275390625000000000000000000
0.0057572743219164168593238173343706876039505004882812500000000000000000
-0.0000000000000007771561172376095782965421676635742187500000000000000000
0.0000000000000105471187339389871340245008468627929687500000000000000000
0.0057572743219218569521444806014187633991241455078125000000000000000000
0.0057572743219101996103859164577443152666091918945312500000000000000000
0.0057572743219092004096637538168579339981079101562500000000000000000000
0.0057572743219160768535225258801801828667521476745605468750000000000000
-0.0115145486438306132725983843556605279445648193359375000000000000000000
0.0000000000000000000000000000000000000000000000000000000000000000000000
0.0057572743219164168593238173343706876039505004882812500000000000000000
0.0057572743219111988111080790986306965351104736328125000000000000000000
0.0172718229657482062744389139652412268333137035369873046875000000000000
0.0172718229657482097438858659188554156571626663208007812500000000000000
0.0172718229657451427527803389239124953746795654296875000000000000000000
0.0115145486438306132725983843556605279445648193359375000000000000000000
0.0057572743219155286809041172091383486986160278320312500000000000000000
0.0057572743219161011396511895554795046336948871612548828125000000000000
0.0057572743219209687737247804761864244937896728515625000000000000000000
0.0057572743219291844241070066345855593681335449218750000000000000000000
-0.0000000000000001110223024625156540423631668090820312500000000000000000
