12.7898841024373250974122129264287650585174560546875000000000000000000000
12.7898841024373641772626797319389879703521728515625000000000000000000000
12.7898841024373943753289495361968874931335449218750000000000000000000000
12.7898841024373037811301401234231889247894287109375000000000000000000000
12.7898841024373819408310737344436347484588623046875000000000000000000000
12.7898841024373481900511251296848058700561523437500000000000000000000000
12.7898841024373801644742343341931700706481933593750000000000000000000000
12.7898841024374174679678617394529283046722412109375000000000000000000000
12.7898841024373712826900373329408466815948486328125000000000000000000000
12.7898841024373144392711765249259769916534423828125000000000000000000000
4.5561383647281461506395316973794251680374145507812500000000000000000000
4.5561383647281434861042725970037281513214111328125000000000000000000000
12.7898841024373020047733007231727242469787597656250000000000000000000000
12.7898841024373197683416947256773710250854492187500000000000000000000000
12.7898841024373126629143371246755123138427734375000000000000000000000000
8.2337457377092082566605313331820070743560791015625000000000000000000000
-2.7990763812339678473506410227855667471885681152343750000000000000000000
4.5561383647281479269963710976298898458480834960937500000000000000000000
12.7898841024373375319100887281820178031921386718750000000000000000000000
12.7898841024373943753289495361968874931335449218750000000000000000000000
11.0328221189431765481003822060301899909973144531250000000000000000000000
11.0328221189431729953867034055292606353759765625000000000000000000000000
11.0328221189431712190298640052787959575653076171875000000000000000000000
7.3552147459621117775441234698519110679626464843750000000000000000000000
3.6776073729810567769504814350511878728866577148437500000000000000000000
3.6776073729810558887720617349259555339813232421875000000000000000000000
3.6776073729810621060209996358025819063186645507812500000000000000000000
3.6776073729810550005936420348007231950759887695312500000000000000000000
0.0000000000000069944050551384862046688795089721679687500000000000000000
