12.183993026181862973089664592408
12.183993026181902052940131397918
12.183993026181843433164431189653
12.183993026181886065728576795664
12.183993026181896723869613197166
12.183993026181886065728576795664
12.183993026181829222309715987649
12.183993026181951790931634604931
12.183993026181870078517022193410
12.183993026181894947512773796916
-0.000000000000000777156117237610
-0.000000000000003774758283725532
12.183993026181886065728576795664
12.183993026181880736658058594912
12.183993026181873631230700993910
12.183993026181878960301219194662
-24.367986052363768578743474790826
0.000000000000000000000000000000
12.183993026181873631230700993910
12.183993026181841656807591789402
36.551979078545691947965678991750
36.551979078545649315401533385739
36.551979078545684842538321390748
24.367986052363768578743474790826
12.183993026181878960301219194662
12.183993026181871854873861593660
12.183993026181878960301219194662
12.183993026181907382010649598669
-0.000000000000000111022302462516
