12.6711703631090770727496419567614793777465820312500000000000000000000000
12.6711703631091179289569481625221669673919677734375000000000000000000000
12.6711703631090557564675691537559032440185546875000000000000000000000000
12.6711703631089633859119203407317399978637695312500000000000000000000000
12.6711703631090433219696933520026504993438720703125000000000000000000000
12.6711703631091001653885541600175201892852783203125000000000000000000000
12.6711703631090415456128539517521858215332031250000000000000000000000000
12.6711703631089864785508325439877808094024658203125000000000000000000000
12.6711703631090735200359631562605500221252441406250000000000000000000000
12.6711703631090220056876205489970743656158447265625000000000000000000000
6.3355851815545154437359087751246988773345947265625000000000000000000000
6.3355851815545349836611421778798103332519531250000000000000000000000000
12.6711703631090326638286569504998624324798583984375000000000000000000000
12.6711703631090486510402115527540445327758789062500000000000000000000000
12.6711703631090397692560145515017211437225341796875000000000000000000000
6.3355851815545207728064269758760929107666015625000000000000000000000000
6.3355851815545136673790693748742341995239257812500000000000000000000000
6.3355851815545136673790693748742341995239257812500000000000000000000000
12.6711703631090415456128539517521858215332031250000000000000000000000000
12.6711703631089971366918689454905688762664794921875000000000000000000000
0.0000000000000256461518688411160837858915328979492187500000000000000000
0.0000000000000000000000000000000052712724879159294100071000910165460814
0.0000000000000317523785042794770561158657073974609375000000000000000000
0.0000000000000142108547152020037174224853515625000000000000000000000000
0.0000000000000081046280797636427450925111770629882812500000000000000000
0.0000000000000048849813083506887778639793395996093750000000000000000000
0.0000000000000097699626167013775557279586791992187500000000000000000000
0.0000000000000106581410364015027880668640136718750000000000000000000000
0.0000000000000069944050551384862046688795089721679687500000000000000000
