12.873868390089514335272724565584
12.873868390089464597281221358571
12.873868390089402424791842349805
12.873868390089445057355987955816
12.873868390089366897655054344796
12.873868390089445057355987955816
12.873868390089386437580287747551
12.873868390089423741073915152811
12.873868390089429070144433353562
12.873868390089411306576039351057
5.942913002089789564763577800477
5.942913002089802887439873302355
12.873868390089423741073915152811
12.873868390089439728285469755065
12.873868390089409530219199950807
6.924015835775763960668882646132
3.966828230270120325684501949581
5.942913002089797558369355101604
12.873868390089411306576039351057
12.873868390089445057355987955816
2.964127157729549377762623407762
2.964127157729516959250304353191
2.964127157729522732410032404005
1.976084771819687890825889553525
0.988042385909852272085629465437
0.988042385909825071621526149102
0.988042385909834508517235462932
0.988042385909891018869188883400
-0.000000000000000111022302462516
