1.000000000000000000000000000000
1.000000000000000000000000000000
1.000000000000000000000000000000
1.000000000000000000000000000000
1.000000000000000000000000000000
1.000000000000000000000000000000
1.000000000000000000000000000000
1.000000000000000000000000000000
1.000000000000000000000000000000
1.000000000000000000000000000000
1.000000000000000000000000000000
1.000000000000000000000000000000
1.000000000000000000000000000000
1.000000000000000000000000000000
1.000000000000000000000000000000
0.000000003705346855594120386758
1.000000000000000000000000000000
0.000000000000000000000000000000
1.000000000000000000000000000000
1.000000000000000000000000000000
1.000000000000000000000000000000
1.000000000000000000000000000000
1.000000000000000000000000000000
1.000000000000000000000000000000
0.003777893186295716750067175127
1.000000000000000000000000000000
1.000000000000000000000000000000
1.000000000000000000000000000000
1.000000000000000000000000000000
