1.00000000000000000000000000000000000000000000000000
1.00000000000000000000000000000000000000000000000000
1.00000000000000000000000000000000000000000000000000
1.00000000000000000000000000000000000000000000000000
1.00000000000000000000000000000000000000000000000000
1.00000000000000000000000000000000000000000000000000
1.00000000000000000000000000000000000000000000000000
1.00000000000000000000000000000000000000000000000000
1.00000000000000000000000000000000000000000000000000
1.00000000000000000000000000000000000000000000000000
1.00000000000000000000000000000000000000000000000000
1.00000000000000000000000000000000000000000000000000
1.00000000000000000000000000000000000000000000000000
1.00000000000000000000000000000000000000000000000000
1.00000000000000000000000000000000000000000000000000
0.00000122599643269271177041621501829782303616411809
1.00000000000000000000000000000000000000000000000000
0.00000000000000000000000000000000000000000000000000
1.00000000000000000000000000000000000000000000000000
1.00000000000000000000000000000000000000000000000000
0.00001427247692705960400148292033239982856684946455
0.00025961484292674150706550784128978648368502035737
1.00000000000000000000000000000000000000000000000000
1.00000000000000000000000000000000000000000000000000
1.00000000000000000000000000000000000000000000000000
0.00000000000000000000000000000000007721033222477376
1.00000000000000000000000000000000000000000000000000
1.00000000000000000000000000000000000000000000000000
1.00000000000000000000000000000000000000000000000000
