1.0000000000000000000000000000000000000000000000000000000000000000000000
1.0000000000000000000000000000000000000000000000000000000000000000000000
1.0000000000000000000000000000000000000000000000000000000000000000000000
1.0000000000000000000000000000000000000000000000000000000000000000000000
1.0000000000000000000000000000000000000000000000000000000000000000000000
1.0000000000000000000000000000000000000000000000000000000000000000000000
1.0000000000000000000000000000000000000000000000000000000000000000000000
1.0000000000000000000000000000000000000000000000000000000000000000000000
0.0858993459200000225584048507698753383010625839233398437500000000000000
0.1677721600000000312657988388309604488313198089599609375000000000000000
1.0000000000000000000000000000000000000000000000000000000000000000000000
1.0000000000000000000000000000000000000000000000000000000000000000000000
1.0000000000000000000000000000000000000000000000000000000000000000000000
1.0000000000000000000000000000000000000000000000000000000000000000000000
1.0000000000000000000000000000000000000000000000000000000000000000000000
0.0015474250491067256894212045281733480805996805429458618164062500000000
1.0000000000000000000000000000000000000000000000000000000000000000000000
0.0180143985094819852887937372543092351406812667846679687500000000000000
1.0000000000000000000000000000000000000000000000000000000000000000000000
0.0000000001629628781067590245762627255938581952166011035387782612815499
1.0000000000000000000000000000000000000000000000000000000000000000000000
0.0000000000000000000000000000000053575430359313455733122033068791190211
1.0000000000000000000000000000000000000000000000000000000000000000000000
1.0000000000000000000000000000000000000000000000000000000000000000000000
1.0000000000000000000000000000000000000000000000000000000000000000000000
1.0000000000000000000000000000000000000000000000000000000000000000000000
1.0000000000000000000000000000000000000000000000000000000000000000000000
1.0000000000000000000000000000000000000000000000000000000000000000000000
1.0000000000000000000000000000000000000000000000000000000000000000000000
