1.000000000000000000000000000000
1.000000000000000000000000000000
1.000000000000000000000000000000
1.000000000000000000000000000000
1.000000000000000000000000000000
1.000000000000000000000000000000
1.000000000000000000000000000000
1.000000000000000000000000000000
0.001237940039285380594905050522
0.001934281311383407057566397036
1.000000000000000000000000000000
1.000000000000000000000000000000
0.002417851639229258876168104919
0.002417851639229258876168104919
1.000000000000000000000000000000
0.000000067399866667876636336954
1.000000000000000000000000000000
1.000000000000000000000000000000
1.000000000000000000000000000000
1.000000000000000000000000000000
0.409600000000000019628743075373
0.512000000000000010658141036402
1.000000000000000000000000000000
1.000000000000000000000000000000
1.000000000000000000000000000000
1.000000000000000000000000000000
1.000000000000000000000000000000
1.000000000000000000000000000000
1.000000000000000000000000000000
