1.000000000000000000000000000000
1.000000000000000000000000000000
1.000000000000000000000000000000
1.000000000000000000000000000000
1.000000000000000000000000000000
1.000000000000000000000000000000
1.000000000000000000000000000000
1.000000000000000000000000000000
0.000000000083436993590660634438
1.000000000000000000000000000000
1.000000000000000000000000000000
1.000000000000000000000000000000
1.000000000000000000000000000000
1.000000000000000000000000000000
1.000000000000000000000000000000
0.000000164550455732120682911680
1.000000000000000000000000000000
1.000000000000000000000000000000
1.000000000000000000000000000000
1.000000000000000000000000000000
1.000000000000000000000000000000
1.000000000000000000000000000000
1.000000000000000000000000000000
1.000000000000000000000000000000
1.000000000000000000000000000000
1.000000000000000000000000000000
1.000000000000000000000000000000
1.000000000000000000000000000000
1.000000000000000000000000000000
1.000000000000000000000000000000
1.000000000000000000000000000000
