1.0000000000000000000000000000000000000000000000000000000000000000000000
1.0000000000000000000000000000000000000000000000000000000000000000000000
1.0000000000000000000000000000000000000000000000000000000000000000000000
1.0000000000000000000000000000000000000000000000000000000000000000000000
1.0000000000000000000000000000000000000000000000000000000000000000000000
1.0000000000000000000000000000000000000000000000000000000000000000000000
1.0000000000000000000000000000000000000000000000000000000000000000000000
1.0000000000000000000000000000000000000000000000000000000000000000000000
0.0687194767360000124956087574901175685226917266845703125000000000000000
0.1677721600000000312657988388309604488313198089599609375000000000000000
1.0000000000000000000000000000000000000000000000000000000000000000000000
1.0000000000000000000000000000000000000000000000000000000000000000000000
1.0000000000000000000000000000000000000000000000000000000000000000000000
1.0000000000000000000000000000000000000000000000000000000000000000000000
1.0000000000000000000000000000000000000000000000000000000000000000000000
0.0015474250491067256894212045281733480805996805429458618164062500000000
1.0000000000000000000000000000000000000000000000000000000000000000000000
0.0180143985094819852887937372543092351406812667846679687500000000000000
1.0000000000000000000000000000000000000000000000000000000000000000000000
0.0000000001629628781067590245762627255938581952166011035387782612815499
0.0000680564733841877115162050104757440749381203204393386840820312500000
0.0000435561429658801361835228360686045334659866057336330413818359375000
1.0000000000000000000000000000000000000000000000000000000000000000000000
1.0000000000000000000000000000000000000000000000000000000000000000000000
1.0000000000000000000000000000000000000000000000000000000000000000000000
0.0037778931862957167500671751270147069590166211128234863281250000000000
1.0000000000000000000000000000000000000000000000000000000000000000000000
1.0000000000000000000000000000000000000000000000000000000000000000000000
1.0000000000000000000000000000000000000000000000000000000000000000000000
