0.00575727432190042964776921508018858730792999267578
0.00575727432192096877372478047618642449378967285156
0.00575727432191153187801546664559282362461090087891
0.00575727432191819321616321758483536541461944580078
0.00575727432191996957300261783530004322528839111328
0.00575727432190409338375047809677198529243469238281
0.00575727432191597277011396727175451815128326416016
0.00575727432192174592984201808576472103595733642578
0.00575727432191919241688538022572174668312072753906
0.00575727432191641685932381733437068760395050048828
-0.00000000000000077715611723760957829654216766357422
0.00000000000001054711873393898713402450084686279297
0.00575727432192185695214448060141876339912414550781
0.00575727432191019961038591645774431526660919189453
0.00575727432190920040966375381685793399810791015625
0.00575727432191607685352252588018018286675214767456
-0.01151454864383061327259838435566052794456481933594
0.00000000000000000000000000000000000000000000000000
0.00575727432191641685932381733437068760395050048828
0.00575727432191119881110807909863069653511047363281
0.01727182296574820627443891396524122683331370353699
0.01727182296574820974388586591885541565716266632080
0.01727182296574514275278033892391249537467956542969
0.01151454864383061327259838435566052794456481933594
0.00575727432191552868090411720913834869861602783203
0.00575727432191610113965118955547950463369488716125
0.00575727432192096877372478047618642449378967285156
0.00575727432192918442410700663458555936813354492188
-0.00000000000000011102230246251565404236316680908203
