12.183993026181862973089664592408
12.183993026181902052940131397918
12.183993026181843433164431189653
12.183993026181886065728576795664
12.183993026181896723869613197166
12.183993026181886065728576795664
12.183993026181829222309715987649
12.183993026181951790931634604931
12.183993026181870078517022193410
12.183993026181875407587540394161
0.000000000000006217248937900877
-0.000000000000003774758283725532
12.183993026181886065728576795664
12.183993026181902052940131397918
12.183993026181873631230700993910
12.183993026181923369222204200923
-24.367986052363768578743474790826
0.000000000000000000000000000000
12.183993026181873631230700993910
12.183993026181841656807591789402
36.551979078545627999119460582733
36.551979078545649315401533385739
36.551979078545684842538321390748
24.367986052363768578743474790826
12.183993026181878960301219194662
12.183993026181914487438007199671
12.183993026181878960301219194662
12.183993026181862973089664592408
-0.000000000000000111022302462516
