10.559227962170323777968405920547
10.559227962170281145404260314535
10.559227962170306014400011918042
10.559227962170343317893639323302
10.559227962170275816333742113784
10.559227962170266934549545112532
10.559227962170369963246230327059
10.559227962170247394624311709777
10.559227962170290027188457315788
10.559227962170314896184208919294
-0.000000000000000777156117237610
0.000000000000010547118733938987
10.559227962170306014400011918042
10.559227962170300685329493717290
10.559227962170313119827369519044
10.559227962170304238043172517791
-21.118455924340608476086345035583
0.000000000000000000000000000000
10.559227962170295356258975516539
10.559227962170343317893639323302
31.677683886510930477697911555879
31.677683886510919819556875154376
31.677683886510919819556875154376
21.118455924340604923372666235082
10.559227962170311343470530118793
10.559227962170293579902136116289
10.559227962170337988823121122550
10.559227962170323777968405920547
-0.000000000000000111022302462516
