12.7689661990148461967464754707179963588714599609375000000000000000000000
12.7689661990147929060412934632040560245513916015625000000000000000000000
12.7689661990147342862655932549387216567993164062500000000000000000000000
12.7689661990147307335519144544377923011779785156250000000000000000000000
12.7689661990147893533276146627031266689300537109375000000000000000000000
12.7689661990147769188297388609498739242553710937500000000000000000000000
12.7689661990148088932528480654582381248474121093750000000000000000000000
12.7689661990147538261908266576938331127166748046875000000000000000000000
12.7689661990148213277507238672114908695220947265625000000000000000000000
12.7689661990147644843318630591966211795806884765625000000000000000000000
6.5174678694786853938580861722584813833236694335937500000000000000000000
6.5174678694786694066465315700042992830276489257812500000000000000000000
12.7689661990147769188297388609498739242553710937500000000000000000000000
12.7689661990147715897592206601984798908233642578125000000000000000000000
12.7689661990147644843318630591966211795806884765625000000000000000000000
6.2514983295360808668306162871886044740676879882812500000000000000000000
7.0494069493638642498467561381403356790542602539062500000000000000000000
6.5174678694786871702149255725089460611343383789062500000000000000000000
12.7689661990147875769707752624526619911193847656250000000000000000000000
12.7689661990148248804644026677124202251434326171875000000000000000000000
-0.7979086198277751673657576247933320701122283935546875000000000000000000
-0.7979086198277797192801585879351478070020675659179687500000000000000000
-0.7979086198277762775887822499498724937438964843750000000000000000000000
-0.5319390798851842960814906291489023715257644653320312500000000000000000
-0.2659695399425915374180817707383539527654647827148437500000000000000000
-0.2659695399425918704849891582853160798549652099609375000000000000000000
-0.2659695399425914263957793082226999104022979736328125000000000000000000
-0.2659695399425898720835448330035433173179626464843750000000000000000000
-0.0000000000000001110223024625156540423631668090820312500000000000000000
