12.5138332339064408671447381493635475635528564453125000000000000000000000
12.5138332339064834997088837553746998310089111328125000000000000000000000
12.5138332339065119214183141593821346759796142578125000000000000000000000
12.5138332339064195508626653463579714298248291015625000000000000000000000
12.5138332339064088927216289448551833629608154296875000000000000000000000
12.5138332339064657361404897528700530529022216796875000000000000000000000
12.5138332339064977105635989573784172534942626953125000000000000000000000
12.5138332339064426435015775496140122413635253906250000000000000000000000
12.5138332339065119214183141593821346759796142578125000000000000000000000
12.5138332339064284326468623476102948188781738281250000000000000000000000
6.2434379527168104573320306371897459030151367187500000000000000000000000
6.2434379527168193391162276384420692920684814453125000000000000000000000
12.5138332339064426435015775496140122413635253906250000000000000000000000
12.5138332339064373144310593488626182079315185546875000000000000000000000
12.5138332339064515252857745508663356304168701171875000000000000000000000
6.2703952811896463970242621144279837608337402343750000000000000000000000
6.1895232957711208143791736802086234092712402343750000000000000000000000
6.2434379527167944701204760349355638027191162109375000000000000000000000
12.5138332339064533016426139511168003082275390625000000000000000000000000
12.5138332339064692888541685533709824085235595703125000000000000000000000
0.0808719854185309672267578662285814061760902404785156250000000000000000
0.0808719854185308700822432115273841191083192825317382812500000000000000
0.0808719854185325770501435727055650204420089721679687500000000000000000
0.0539146569456875335291101691836956888437271118164062500000000000000000
0.0269573284728447104541260159749072045087814331054687500000000000000000
0.0269573284728435759449727271430674591101706027984619140625000000000000
0.0269573284728448214764284784905612468719482421875000000000000000000000
0.0269573284728424900080767656618263572454452514648437500000000000000000
0.0000000000000069944050551384862046688795089721679687500000000000000000
