12.6711703631090770727496419567614793777465820312500000000000000000000000
12.6711703631090255584012993494980037212371826171875000000000000000000000
12.6711703631090557564675691537559032440185546875000000000000000000000000
12.6711703631090557564675691537559032440185546875000000000000000000000000
12.6711703631090220056876205489970743656158447265625000000000000000000000
12.6711703631091001653885541600175201892852783203125000000000000000000000
12.6711703631090415456128539517521858215332031250000000000000000000000000
12.6711703631089864785508325439877808094024658203125000000000000000000000
12.6711703631090273347581387497484683990478515625000000000000000000000000
12.6711703631090664146086055552586913108825683593750000000000000000000000
6.3355851815545154437359087751246988773345947265625000000000000000000000
6.3355851815545118910222299746237695217132568359375000000000000000000000
12.6711703631090326638286569504998624324798583984375000000000000000000000
12.6711703631090486510402115527540445327758789062500000000000000000000000
12.6711703631090397692560145515017211437225341796875000000000000000000000
6.3355851815545438654453391791321337223052978515625000000000000000000000
6.3355851815544896865617374714929610490798950195312500000000000000000000
6.3355851815545136673790693748742341995239257812500000000000000000000000
12.6711703631090415456128539517521858215332031250000000000000000000000000
12.6711703631090877308906783582642674446105957031250000000000000000000000
0.0000000000000395239396766555728390812873840332031250000000000000000000
0.0000000000000000000000000000000052712724879155968753129292604030358604
0.0000000000000460742555219439964275807142257690429687500000000000000000
0.0000000000000263122856836162100080400705337524414062500000000000000000
0.0000000000000133226762955018784850835800170898437500000000000000000000
0.0000000000000118793863634891749825328588485717773437500000000000000000
0.0000000000000168753899743023794144392013549804687500000000000000000000
0.0000000000000142108547152020037174224853515625000000000000000000000000
-0.0000000000000001110223024625156540423631668090820312500000000000000000
